--------------------------------------------------------------------------------
Path outputs_tiny exists. Remove and remake.
--------------------------------------------------------------------------------
Logging to outputs_tiny/stdout
--------------------------------------------------------------------------------
Building data for 'Hparams' from 'data/orm_data/'
--------------------------------------------------------------------------------
Loading vocab from 'vocab.orm'
Done. vocab_size = 3002
--------------------------------------------------------------------------------
Loading vocab from 'vocab.eng'
Done. vocab_size = 3684
--------------------------------------------------------------------------------
Loading parallel data from 'set0-trainunfilt-head10.tok.piece.orm' and 'set0-trainunfilt-head10.tok.piece.eng'
     6 pairs. src_unk=0. tgt_unk=0
Heuristic sort based on source lens
--------------------------------------------------------------------------------
Loading parallel data from 'set0-trainunfilt-head10.tok.piece.orm' and 'set0-trainunfilt-head10.tok.piece.eng'
    10 pairs. src_unk=0. tgt_unk=0
--------------------------------------------------------------------------------
Creating model
initialize uniform with range 0.1
Model has 6311809 params
--------------------------------------------------------------------------------
start training...
Variable containing:

Columns 0 to 12 
    2    74     4    75    76    77    78    79    80     8    81    82    58
    2    74     8   207   208   178   103    63    14   209   129    65   210

Columns 13 to 25 
   83    84     8    85    86    87    88    21    89    90    91    92    93
   19   211   212   213   214   215   216   217    72   185   124     3     0

Columns 26 to 28 
   94    62     3
    0     0     0
[torch.LongTensor of size 2x29]



Columns 0 to 12 
    0     0     0     0     0     0     0     0     0     0     0     0     0
    0     0     0     0     0     0     0     0     0     0     0     0     0

Columns 13 to 25 
    0     0     0     0     0     0     0     0     0     0     0     0     0
    0     0     0     0     0     0     0     0     0     0     0     0     1

Columns 26 to 28 
    0     0     0
    1     1     1
[torch.ByteTensor of size 2x29]

Variable containing:

Columns 0 to 12 
    2    48    49    50    51    52    53     6    18    54    55    56    26
    2    97   160   161    51   162   137    83    20   163    79   164   105

Columns 13 to 25 
   57    20    58    18    31    59    60    61     7    20    62    63     9
   20   165    51   166   167   133   106    18    31   168     9     3     0

Columns 26 to 38 
    7    14    15    16     9    34    64    52    65    66    38    20    67
    0     0     0     0     0     0     0     0     0     0     0     0     0

Columns 39 to 40 
   47     3
    0     0
[torch.LongTensor of size 2x41]



Columns 0 to 12 
    0     0     0     0     0     0     0     0     0     0     0     0     0
    0     0     0     0     0     0     0     0     0     0     0     0     0

Columns 13 to 25 
    0     0     0     0     0     0     0     0     0     0     0     0     0
    0     0     0     0     0     0     0     0     0     0     0     0     1

Columns 26 to 38 
    0     0     0     0     0     0     0     0     0     0     0     0     0
    1     1     1     1     1     1     1     1     1     1     1     1     1

Columns 39 to 40 
    0     0
    1     1
[torch.ByteTensor of size 2x41]

ep=0   steps=0.00   lr=0.0010000 loss=262.53  |g|=14.41 ppl=3656.22  acc=0.0000 wpm(k)=5.11  time(min)=0.01 
Variable containing:

Columns 0 to 12 
    2   218    16   219   220   221   222   223   185     8   224   225    54
    2   190    47   102   156   191     8   192   152   102    54   193    30

Columns 13 to 25 
  226    62    14   227   228    58   118    59    56   229    35   230    70
  124    47   194     7    54     8   195   118   196   197   198    89   199

Columns 26 to 38 
  231    30    54   232   124   233    58   234   118   235   236   221   237
  200   123     8   201    87   202   203   152    14    54   204    54    16

Columns 39 to 44 
   58   110   238    61    62     3
  205   172   156   206    62     3
[torch.LongTensor of size 2x45]



Columns 0 to 12 
    0     0     0     0     0     0     0     0     0     0     0     0     0
    0     0     0     0     0     0     0     0     0     0     0     0     0

Columns 13 to 25 
    0     0     0     0     0     0     0     0     0     0     0     0     0
    0     0     0     0     0     0     0     0     0     0     0     0     0

Columns 26 to 38 
    0     0     0     0     0     0     0     0     0     0     0     0     0
    0     0     0     0     0     0     0     0     0     0     0     0     0

Columns 39 to 44 
    0     0     0     0     0     0
    0     0     0     0     0     0
[torch.ByteTensor of size 2x45]

Variable containing:

Columns 0 to 12 
    2    97    20   169   108    28   170   100    18    31   171    69   172
    2   147    52   137   148   108     9    52   149   108   150   148    26

Columns 13 to 25 
  173   174     9    18    31   141    18    36   143   104    18    54   175
  151   152   153    52   154    38     9    52   149   108   150   155     9

Columns 26 to 38 
   22     9   175    22   176   105    20   177    51   103   104    81    49
   94   156   108   157   133    61   111     7    61    92   158    24   159

Columns 39 to 50 
   20   178     9   179   105    18   180    18    31   181    47     3
   51    47     3     0     0     0     0     0     0     0     0     0
[torch.LongTensor of size 2x51]



Columns 0 to 12 
    0     0     0     0     0     0     0     0     0     0     0     0     0
    0     0     0     0     0     0     0     0     0     0     0     0     0

Columns 13 to 25 
    0     0     0     0     0     0     0     0     0     0     0     0     0
    0     0     0     0     0     0     0     0     0     0     0     0     0

Columns 26 to 38 
    0     0     0     0     0     0     0     0     0     0     0     0     0
    0     0     0     0     0     0     0     0     0     0     0     0     0

Columns 39 to 50 
    0     0     0     0     0     0     0     0     0     0     0     0
    0     0     0     1     1     1     1     1     1     1     1     1
[torch.ByteTensor of size 2x51]

ep=0   steps=0.00   lr=0.0010000 loss=369.26  |g|=23.63 ppl=3470.84  acc=0.0194 wpm(k)=5.46  time(min)=0.03 
Variable containing:

Columns 0 to 12 
    2    14    95    22    96    97     8    98    91    99     8   100    22
    2   177   178   179     8   166    21    22   118   180   181   182   183

Columns 13 to 25 
    8   101    54    22     8   102    54   103    35   104    54   105   106
  184   185     8     9     4   186   134    14   156   106    22     8   187

Columns 26 to 36 
  107    33   108   109    27   110   111   112    86    63     3
  188   189    62     3     0     0     0     0     0     0     0
[torch.LongTensor of size 2x37]



Columns 0 to 12 
    0     0     0     0     0     0     0     0     0     0     0     0     0
    0     0     0     0     0     0     0     0     0     0     0     0     0

Columns 13 to 25 
    0     0     0     0     0     0     0     0     0     0     0     0     0
    0     0     0     0     0     0     0     0     0     0     0     0     0

Columns 26 to 36 
    0     0     0     0     0     0     0     0     0     0     0
    0     0     0     0     1     1     1     1     1     1     1
[torch.ByteTensor of size 2x37]

Variable containing:

Columns 0 to 12 
    2    68    69    70    71    72    18    31    34    73    18    31    18
    2   103    20   134   135     7   136     9    92   137    81    49    14

Columns 13 to 25 
   74    18    31    75    76    18    31    77    28    78    79    80    81
   15    16    26   138     6     9    18    31   139    38    61     9     4

Columns 26 to 36 
   49     8     9    82    83    70    84     6    47     3     0
  140     9   141   142     7   143   144   145    47   146     3
[torch.LongTensor of size 2x37]



Columns 0 to 12 
    0     0     0     0     0     0     0     0     0     0     0     0     0
    0     0     0     0     0     0     0     0     0     0     0     0     0

Columns 13 to 25 
    0     0     0     0     0     0     0     0     0     0     0     0     0
    0     0     0     0     0     0     0     0     0     0     0     0     0

Columns 26 to 36 
    0     0     0     0     0     0     0     0     0     0     1
    0     0     0     0     0     0     0     0     0     0     0
[torch.ByteTensor of size 2x37]

ep=1   steps=0.00   lr=0.0010000 loss=282.27  |g|=26.03 ppl=3258.58  acc=0.0177 wpm(k)=5.70  time(min)=0.04 
Variable containing:

Columns 0 to 12 
    2    14    95    22    96    97     8    98    91    99     8   100    22
    2   177   178   179     8   166    21    22   118   180   181   182   183

Columns 13 to 25 
    8   101    54    22     8   102    54   103    35   104    54   105   106
  184   185     8     9     4   186   134    14   156   106    22     8   187

Columns 26 to 36 
  107    33   108   109    27   110   111   112    86    63     3
  188   189    62     3     0     0     0     0     0     0     0
[torch.LongTensor of size 2x37]



Columns 0 to 12 
    0     0     0     0     0     0     0     0     0     0     0     0     0
    0     0     0     0     0     0     0     0     0     0     0     0     0

Columns 13 to 25 
    0     0     0     0     0     0     0     0     0     0     0     0     0
    0     0     0     0     0     0     0     0     0     0     0     0     0

Columns 26 to 36 
    0     0     0     0     0     0     0     0     0     0     0
    0     0     0     0     1     1     1     1     1     1     1
[torch.ByteTensor of size 2x37]

Variable containing:

Columns 0 to 12 
    2    68    69    70    71    72    18    31    34    73    18    31    18
    2   103    20   134   135     7   136     9    92   137    81    49    14

Columns 13 to 25 
   74    18    31    75    76    18    31    77    28    78    79    80    81
   15    16    26   138     6     9    18    31   139    38    61     9     4

Columns 26 to 36 
   49     8     9    82    83    70    84     6    47     3     0
  140     9   141   142     7   143   144   145    47   146     3
[torch.LongTensor of size 2x37]



Columns 0 to 12 
    0     0     0     0     0     0     0     0     0     0     0     0     0
    0     0     0     0     0     0     0     0     0     0     0     0     0

Columns 13 to 25 
    0     0     0     0     0     0     0     0     0     0     0     0     0
    0     0     0     0     0     0     0     0     0     0     0     0     0

Columns 26 to 36 
    0     0     0     0     0     0     0     0     0     0     1
    0     0     0     0     0     0     0     0     0     0     0
[torch.ByteTensor of size 2x37]

ep=1   steps=0.00   lr=0.0010000 loss=271.78  |g|=38.24 ppl=2937.91  acc=0.0337 wpm(k)=5.83  time(min)=0.05 
Variable containing:

Columns 0 to 12 
    2    74     4    75    76    77    78    79    80     8    81    82    58
    2    74     8   207   208   178   103    63    14   209   129    65   210

Columns 13 to 25 
   83    84     8    85    86    87    88    21    89    90    91    92    93
   19   211   212   213   214   215   216   217    72   185   124     3     0

Columns 26 to 28 
   94    62     3
    0     0     0
[torch.LongTensor of size 2x29]



Columns 0 to 12 
    0     0     0     0     0     0     0     0     0     0     0     0     0
    0     0     0     0     0     0     0     0     0     0     0     0     0

Columns 13 to 25 
    0     0     0     0     0     0     0     0     0     0     0     0     0
    0     0     0     0     0     0     0     0     0     0     0     0     1

Columns 26 to 28 
    0     0     0
    1     1     1
[torch.ByteTensor of size 2x29]

Variable containing:

Columns 0 to 12 
    2    48    49    50    51    52    53     6    18    54    55    56    26
    2    97   160   161    51   162   137    83    20   163    79   164   105

Columns 13 to 25 
   57    20    58    18    31    59    60    61     7    20    62    63     9
   20   165    51   166   167   133   106    18    31   168     9     3     0

Columns 26 to 38 
    7    14    15    16     9    34    64    52    65    66    38    20    67
    0     0     0     0     0     0     0     0     0     0     0     0     0

Columns 39 to 40 
   47     3
    0     0
[torch.LongTensor of size 2x41]



Columns 0 to 12 
    0     0     0     0     0     0     0     0     0     0     0     0     0
    0     0     0     0     0     0     0     0     0     0     0     0     0

Columns 13 to 25 
    0     0     0     0     0     0     0     0     0     0     0     0     0
    0     0     0     0     0     0     0     0     0     0     0     0     1

Columns 26 to 38 
    0     0     0     0     0     0     0     0     0     0     0     0     0
    1     1     1     1     1     1     1     1     1     1     1     1     1

Columns 39 to 40 
    0     0
    1     1
[torch.ByteTensor of size 2x41]

ep=1   steps=0.01   lr=0.0010000 loss=228.42  |g|=46.69 ppl=2528.07  acc=0.0360 wpm(k)=5.69  time(min)=0.06 
Eval at step 5. valid_batch_size=20
Variable containing:

Columns 0 to 12 
    2     4     5     6     7     8     9    10    11    12    13    14    15
    2     9    10    11    12    13    14    15    16    17    18    19     8
    2   143   144   145     8   146   147   148   149   150   151   152   153
    2   113   114   115   116   117   118    44     8   119   120   121    43
    2   218    16   219   220   221   222   223   185     8   224   225    54
    2   190    47   102   156   191     8   192   152   102    54   193    30
    2    14    95    22    96    97     8    98    91    99     8   100    22
    2   177   178   179     8   166    21    22   118   180   181   182   183
    2    74     4    75    76    77    78    79    80     8    81    82    58
    2    74     8   207   208   178   103    63    14   209   129    65   210

Columns 13 to 25 
   16    17    18    19     8    20    12    13    21    22     8    23    24
   20    12    13    21    22    63    64    65    66    25    26    27    28
  154   155    58   118    25   156   157   158     8    91    25   159    37
  122   123   124   125    65   126   127    65   128   129   130     8    26
  226    62    14   227   228    58   118    59    56   229    35   230    70
  124    47   194     7    54     8   195   118   196   197   198    89   199
    8   101    54    22     8   102    54   103    35   104    54   105   106
  184   185     8     9     4   186   134    14   156   106    22     8   187
   83    84     8    85    86    87    88    21    89    90    91    92    93
   19   211   212   213   214   215   216   217    72   185   124     3     0

Columns 26 to 38 
   25     8    26    27    28    29    30     8    31    14    32    33    34
   29    30     8    31    14    32    33    34    35    36    28    38    29
  160   109   161   162     8   163   164    56   165   166   167   110     8
   19   131   132   133    70   128   109   134   124   135    14   136   118
  231    30    54   232   124   233    58   234   118   235   236   221   237
  200   123     8   201    87   202   203   152    14    54   204    54    16
  107    33   108   109    27   110   111   112    86    63     3     0     0
  188   189    62     3     0     0     0     0     0     0     0     0     0
   94    62     3     0     0     0     0     0     0     0     0     0     0
    0     0     0     0     0     0     0     0     0     0     0     0     0

Columns 39 to 51 
   35    36    37    28    38    29    30    39     8    40    41    42    43
   30    39     8    45    46    67    22    68    40    41    42    43    44
  168   169   170   171   172   173   174   175   129    59   176    62     3
  121   137   138   139   140   141   142   134    62     3     0     0     0
   58   110   238    61    62     3     0     0     0     0     0     0     0
  205   172   156   206    62     3     0     0     0     0     0     0     0
    0     0     0     0     0     0     0     0     0     0     0     0     0
    0     0     0     0     0     0     0     0     0     0     0     0     0
    0     0     0     0     0     0     0     0     0     0     0     0     0
    0     0     0     0     0     0     0     0     0     0     0     0     0

Columns 52 to 64 
   44    45    46    47    48     8    49    50    37    51     8    52    17
    8    49    50    69    35    52    17    70    57    71    60    72    73
    0     0     0     0     0     0     0     0     0     0     0     0     0
    0     0     0     0     0     0     0     0     0     0     0     0     0
    0     0     0     0     0     0     0     0     0     0     0     0     0
    0     0     0     0     0     0     0     0     0     0     0     0     0
    0     0     0     0     0     0     0     0     0     0     0     0     0
    0     0     0     0     0     0     0     0     0     0     0     0     0
    0     0     0     0     0     0     0     0     0     0     0     0     0
    0     0     0     0     0     0     0     0     0     0     0     0     0

Columns 65 to 77 
   53    54    55    56     7     8    57    58    59    60    61    62     3
   62     3     0     0     0     0     0     0     0     0     0     0     0
    0     0     0     0     0     0     0     0     0     0     0     0     0
    0     0     0     0     0     0     0     0     0     0     0     0     0
    0     0     0     0     0     0     0     0     0     0     0     0     0
    0     0     0     0     0     0     0     0     0     0     0     0     0
    0     0     0     0     0     0     0     0     0     0     0     0     0
    0     0     0     0     0     0     0     0     0     0     0     0     0
    0     0     0     0     0     0     0     0     0     0     0     0     0
    0     0     0     0     0     0     0     0     0     0     0     0     0
[torch.LongTensor of size 10x78]



Columns 0 to 12 
    0     0     0     0     0     0     0     0     0     0     0     0     0
    0     0     0     0     0     0     0     0     0     0     0     0     0
    0     0     0     0     0     0     0     0     0     0     0     0     0
    0     0     0     0     0     0     0     0     0     0     0     0     0
    0     0     0     0     0     0     0     0     0     0     0     0     0
    0     0     0     0     0     0     0     0     0     0     0     0     0
    0     0     0     0     0     0     0     0     0     0     0     0     0
    0     0     0     0     0     0     0     0     0     0     0     0     0
    0     0     0     0     0     0     0     0     0     0     0     0     0
    0     0     0     0     0     0     0     0     0     0     0     0     0

Columns 13 to 25 
    0     0     0     0     0     0     0     0     0     0     0     0     0
    0     0     0     0     0     0     0     0     0     0     0     0     0
    0     0     0     0     0     0     0     0     0     0     0     0     0
    0     0     0     0     0     0     0     0     0     0     0     0     0
    0     0     0     0     0     0     0     0     0     0     0     0     0
    0     0     0     0     0     0     0     0     0     0     0     0     0
    0     0     0     0     0     0     0     0     0     0     0     0     0
    0     0     0     0     0     0     0     0     0     0     0     0     0
    0     0     0     0     0     0     0     0     0     0     0     0     0
    0     0     0     0     0     0     0     0     0     0     0     0     1

Columns 26 to 38 
    0     0     0     0     0     0     0     0     0     0     0     0     0
    0     0     0     0     0     0     0     0     0     0     0     0     0
    0     0     0     0     0     0     0     0     0     0     0     0     0
    0     0     0     0     0     0     0     0     0     0     0     0     0
    0     0     0     0     0     0     0     0     0     0     0     0     0
    0     0     0     0     0     0     0     0     0     0     0     0     0
    0     0     0     0     0     0     0     0     0     0     0     1     1
    0     0     0     0     1     1     1     1     1     1     1     1     1
    0     0     0     1     1     1     1     1     1     1     1     1     1
    1     1     1     1     1     1     1     1     1     1     1     1     1

Columns 39 to 51 
    0     0     0     0     0     0     0     0     0     0     0     0     0
    0     0     0     0     0     0     0     0     0     0     0     0     0
    0     0     0     0     0     0     0     0     0     0     0     0     0
    0     0     0     0     0     0     0     0     0     0     1     1     1
    0     0     0     0     0     0     1     1     1     1     1     1     1
    0     0     0     0     0     0     1     1     1     1     1     1     1
    1     1     1     1     1     1     1     1     1     1     1     1     1
    1     1     1     1     1     1     1     1     1     1     1     1     1
    1     1     1     1     1     1     1     1     1     1     1     1     1
    1     1     1     1     1     1     1     1     1     1     1     1     1

Columns 52 to 64 
    0     0     0     0     0     0     0     0     0     0     0     0     0
    0     0     0     0     0     0     0     0     0     0     0     0     0
    1     1     1     1     1     1     1     1     1     1     1     1     1
    1     1     1     1     1     1     1     1     1     1     1     1     1
    1     1     1     1     1     1     1     1     1     1     1     1     1
    1     1     1     1     1     1     1     1     1     1     1     1     1
    1     1     1     1     1     1     1     1     1     1     1     1     1
    1     1     1     1     1     1     1     1     1     1     1     1     1
    1     1     1     1     1     1     1     1     1     1     1     1     1
    1     1     1     1     1     1     1     1     1     1     1     1     1

Columns 65 to 77 
    0     0     0     0     0     0     0     0     0     0     0     0     0
    0     0     1     1     1     1     1     1     1     1     1     1     1
    1     1     1     1     1     1     1     1     1     1     1     1     1
    1     1     1     1     1     1     1     1     1     1     1     1     1
    1     1     1     1     1     1     1     1     1     1     1     1     1
    1     1     1     1     1     1     1     1     1     1     1     1     1
    1     1     1     1     1     1     1     1     1     1     1     1     1
    1     1     1     1     1     1     1     1     1     1     1     1     1
    1     1     1     1     1     1     1     1     1     1     1     1     1
    1     1     1     1     1     1     1     1     1     1     1     1     1
[torch.ByteTensor of size 10x78]

Variable containing:

Columns 0 to 12 
    2     4     5     6     7     8     9    10    11    12    13     5     6
    2     4     5     6     7     8     9    10    11    12    13     5     6
    2   113   114   115   116     6   117    20   118   105    87     9    92
    2    48    18    36    28    29    85    86    38    83    87    47    88
    2    97    20   169   108    28   170   100    18    31   171    69   172
    2   147    52   137   148   108     9    52   149   108   150   148    26
    2    68    69    70    71    72    18    31    34    73    18    31    18
    2   103    20   134   135     7   136     9    92   137    81    49    14
    2    48    49    50    51    52    53     6    18    54    55    56    26
    2    97   160   161    51   162   137    83    20   163    79   164   105

Columns 13 to 25 
    7     8     9    14    15    16    13    17    18    19    20    21    22
    7     8     9    14    15    16    13    17    18    19    20    21    22
  119    20    18   120   121   122   123   124    38    61   111    83   125
   89    90    39    91    48    92    93     9    94    87    92    95    26
  173   174     9    18    31   141    18    36   143   104    18    54   175
  151   152   153    52   154    38     9    52   149   108   150   155     9
   74    18    31    75    76    18    31    77    28    78    79    80    81
   15    16    26   138     6     9    18    31   139    38    61     9     4
   57    20    58    18    31    59    60    61     7    20    62    63     9
   20   165    51   166   167   133   106    18    31   168     9     3     0

Columns 26 to 38 
   23    24    18    25    26     8    18    27    28    29    18    25    26
   23    24    18    25    26     8    18    27    28    29    18    25    26
  126     7   106     9   127    22   128   129    81    49   130    23    24
   96    47    97    20    98    48    99    93    26    20   100    48    93
   22     9   175    22   176   105    20   177    51   103   104    81    49
   94   156   108   157   133    61   111     7    61    92   158    24   159
   49     8     9    82    83    70    84     6    47     3     0     0     0
  140     9   141   142     7   143   144   145    47   146     3     0     0
    7    14    15    16     9    34    64    52    65    66    38    20    67
    0     0     0     0     0     0     0     0     0     0     0     0     0

Columns 39 to 51 
   30     6    18    31    32    33     9    20    22    34    35    18    36
   30     6    18    31    32    33     9    20    22    34    35    18    36
    7   131    20   132   133   106    47     3     0     0     0     0     0
  101   102    26    20   103   104   105   106     9    92   107   108    96
   20   178     9   179   105    18   180    18    31   181    47     3     0
   51    47     3     0     0     0     0     0     0     0     0     0     0
    0     0     0     0     0     0     0     0     0     0     0     0     0
    0     0     0     0     0     0     0     0     0     0     0     0     0
   47     3     0     0     0     0     0     0     0     0     0     0     0
    0     0     0     0     0     0     0     0     0     0     0     0     0

Columns 52 to 64 
   37    38    39    40     9    41    42    26    18    43    44    18    31
   37    38    39    40    26    18    43    44    18    31    45    46    47
    0     0     0     0     0     0     0     0     0     0     0     0     0
   18    31   109   110    61   111   112    96    47     3     0     0     0
    0     0     0     0     0     0     0     0     0     0     0     0     0
    0     0     0     0     0     0     0     0     0     0     0     0     0
    0     0     0     0     0     0     0     0     0     0     0     0     0
    0     0     0     0     0     0     0     0     0     0     0     0     0
    0     0     0     0     0     0     0     0     0     0     0     0     0
    0     0     0     0     0     0     0     0     0     0     0     0     0

Columns 65 to 68 
   45    46    47     3
    3     0     0     0
    0     0     0     0
    0     0     0     0
    0     0     0     0
    0     0     0     0
    0     0     0     0
    0     0     0     0
    0     0     0     0
    0     0     0     0
[torch.LongTensor of size 10x69]



Columns 0 to 12 
    0     0     0     0     0     0     0     0     0     0     0     0     0
    0     0     0     0     0     0     0     0     0     0     0     0     0
    0     0     0     0     0     0     0     0     0     0     0     0     0
    0     0     0     0     0     0     0     0     0     0     0     0     0
    0     0     0     0     0     0     0     0     0     0     0     0     0
    0     0     0     0     0     0     0     0     0     0     0     0     0
    0     0     0     0     0     0     0     0     0     0     0     0     0
    0     0     0     0     0     0     0     0     0     0     0     0     0
    0     0     0     0     0     0     0     0     0     0     0     0     0
    0     0     0     0     0     0     0     0     0     0     0     0     0

Columns 13 to 25 
    0     0     0     0     0     0     0     0     0     0     0     0     0
    0     0     0     0     0     0     0     0     0     0     0     0     0
    0     0     0     0     0     0     0     0     0     0     0     0     0
    0     0     0     0     0     0     0     0     0     0     0     0     0
    0     0     0     0     0     0     0     0     0     0     0     0     0
    0     0     0     0     0     0     0     0     0     0     0     0     0
    0     0     0     0     0     0     0     0     0     0     0     0     0
    0     0     0     0     0     0     0     0     0     0     0     0     0
    0     0     0     0     0     0     0     0     0     0     0     0     0
    0     0     0     0     0     0     0     0     0     0     0     0     1

Columns 26 to 38 
    0     0     0     0     0     0     0     0     0     0     0     0     0
    0     0     0     0     0     0     0     0     0     0     0     0     0
    0     0     0     0     0     0     0     0     0     0     0     0     0
    0     0     0     0     0     0     0     0     0     0     0     0     0
    0     0     0     0     0     0     0     0     0     0     0     0     0
    0     0     0     0     0     0     0     0     0     0     0     0     0
    0     0     0     0     0     0     0     0     0     0     1     1     1
    0     0     0     0     0     0     0     0     0     0     0     1     1
    0     0     0     0     0     0     0     0     0     0     0     0     0
    1     1     1     1     1     1     1     1     1     1     1     1     1

Columns 39 to 51 
    0     0     0     0     0     0     0     0     0     0     0     0     0
    0     0     0     0     0     0     0     0     0     0     0     0     0
    0     0     0     0     0     0     0     0     1     1     1     1     1
    0     0     0     0     0     0     0     0     0     0     0     0     0
    0     0     0     0     0     0     0     0     0     0     0     0     1
    0     0     0     1     1     1     1     1     1     1     1     1     1
    1     1     1     1     1     1     1     1     1     1     1     1     1
    1     1     1     1     1     1     1     1     1     1     1     1     1
    0     0     1     1     1     1     1     1     1     1     1     1     1
    1     1     1     1     1     1     1     1     1     1     1     1     1

Columns 52 to 64 
    0     0     0     0     0     0     0     0     0     0     0     0     0
    0     0     0     0     0     0     0     0     0     0     0     0     0
    1     1     1     1     1     1     1     1     1     1     1     1     1
    0     0     0     0     0     0     0     0     0     0     1     1     1
    1     1     1     1     1     1     1     1     1     1     1     1     1
    1     1     1     1     1     1     1     1     1     1     1     1     1
    1     1     1     1     1     1     1     1     1     1     1     1     1
    1     1     1     1     1     1     1     1     1     1     1     1     1
    1     1     1     1     1     1     1     1     1     1     1     1     1
    1     1     1     1     1     1     1     1     1     1     1     1     1

Columns 65 to 68 
    0     0     0     0
    0     1     1     1
    1     1     1     1
    1     1     1     1
    1     1     1     1
    1     1     1     1
    1     1     1     1
    1     1     1     1
    1     1     1     1
    1     1     1     1
[torch.ByteTensor of size 10x69]

val_step=5      loss=6.87   acc=0.0730 val_ppl=961.49
